List of differences:

194108:98:39569435:
2 101.677307129 43.6498015558 1.71434545517 22.6813163757 34.0266189575 0.65480363369 1.30489981174
193.525299072 101.098381042 39.8077964783

196197:478:715676691
2 142.63180542 67.0072081635 1.87721598148 46.8544273376 36.4800109863 0.200876191258 0.419381916523
73.8445053101 72.6467132568 39.9350738525

194224:378:553430401
2 105.747848511 44.6261352786 1.05964624882 20.6939048767 94.045249939 0.333946436644 0.237528696656
305.942871094 177.231826782 39.9015045166

195552:21:37460224
1 178.445098877 69.9690164573 2.26735568047 38.0884475708 34.8941230774 -0.645648956299 0.120018824935
53.6815490723 39.5814590454 34.5206794739

195109:161:174402698
2 116.605140686 58.4080395635 0.808548271656 87.2999725342 63.0004234314 -0.541447639465 -0.427364438772
180.205047607 60.1410179138 38.062286377

195868:99:171171450
2 136.574142456 53.3313822865 1.23790192604 35.3365783691 49.1155548096 -1.13310205936 -0.0539335533977
121.28351593 109.373924255 38.8777770996

195303:251:282173115
2 109.223526001 46.2338072204 1.066411376 37.6305961609 54.9602432251 0.0492961741984 0.028891114518
55.9648513794 49.0587654114 39.4601974487

195757:14:24814847
2 136.254592896 58.5433274701 1.61421692371 56.5508918762 27.8926906586 -0.514824151993 -0.0425495281816
184.680541992 59.8220024109 38.2228927612

196453:12:11086326
2 116.761878967 68.8045251365 1.9674680233 29.4569244385 57.961769104 -1.13807415962 -1.13606607914
70.2093505859 51.2633628845 39.4238967896

198955:270:320617431
not in tree!

200519:330:452606536
2 126.07875061 62.6256178189 2.96349573135 36.6460418701 26.030456543 0.762080073357 0.373688936234
202.707000732 108.280319214 39.736530304

201229:11:20035259
2 114.31098175 59.3457067889 1.38596713543 80.6782302856 25.9310874939 1.06870484352 0.651829242706
78.1334457397 43.6355323792 38.0929222107


ETH does not have those:
195552:1581:1747857826
3 113.961288452 38.4466284462 1.49063825607 23.965473175 33.521774292 1.31026792526 1.3236374855
105.744285583 84.7438430786 41.555896759

195950:1532:1376788454
3 138.429855347 23.193903217 0.348272293806 117.07131958 38.265953064 0.628689050674 0.6202891469
228.512084961 40.6994514465 40.2631607056

200075:599:707541634
2 178.524932861 119.327366952 2.38108420372 81.7727203369 25.8183288574 1.23762536049 -0.707317769527
149.321289062 62.0753517151 12.6055583954

201658:5:7674200
2 157.320846558 56.1372457945 2.40976810455 24.8175582886 36.0353279114 -0.558643937111 -0.336087465286
109.939666748 69.063835144 28.3295955658

201658:44:82377761
3 101.584899902 35.492530413 0.846318900585 42.5041694641 43.586265564 0.180479928851 0.39778226614
278.194213867 80.8477401733 65.2287368774

201658:251:423968759
3 167.258224487 39.9812646736 1.32974374294 22.5421295166 36.3944396973 1.05312538147 -0.157171458006
158.609191895 133.823898315 64.5526123047

201669:92:163905243
5 117.683425903 46.8130155988 2.1548807621 21.4245624542 21.5577545166 1.26651871204 -0.270446240902
145.629425049 66.9942703247 64.0467453003

201671:477:598262422
2 195.357727051 34.4131365715 1.31255221367 24.9391288757 25.0123100281 0.0198993030936 -1.18144357204
288.205230713 69.8343353271 36.0026321411

201671:605:736578807
3 103.560966492 53.7862210456 0.965925693512 54.7701377869 57.241733551 0.485227763653 -0.144557952881
62.536190033 53.5159225464 47.0729522705
